601318 中国平安 15 3.7667
601877 正泰电器 11 4.8091
600028 中国石化 9 0.9878
000338 潍柴动力 9 1.4
600660 福耀玻璃 9 5.9667
002315 焦点科技 9 8.0
002394 联发股份 9 2.2778
000895 双汇发展 9 10.8
601857 中国石油 9 1.1621
601166 兴业银行 8 5.375
000568 泸州老窖 8 11.575
001872 招商港口 8 5.2063
002304 洋河股份 8 18.6958
002001 新和成 8 4.6875
600754 锦江股份 8 4.2625
601601 中国太保 8 5.5625
600519 贵州茅台 8 56.7763
600563 法拉电子 8 7.9375
002294 信立泰 8 6.4375
600036 招商银行 7 6.5857
000550 江铃汽车 7 8.2143
002352 顺丰控股 7 3.2143
002372 伟星新材 7 6.8571
002557 洽洽食品 7 6.0
600009 上海机场 7 4.3857
601799 星宇股份 7 7.35
601566 九牧王 7 7.8571
000858 五粮液 7 8.0
000869 张裕A 7 8.5143
600177 雅戈尔 7 5.2857
601238 广汽集团 7 0.8143
000651 格力电器 7 14.1429
601088 中国神华 7 8.0429
002242 九阳股份 7 6.0
002014 永新股份 7 3.1429
002003 伟星股份 7 5.8571
600377 宁沪高速 7 3.8
002032 苏泊尔 7 5.2
000963 华东医药 6 8.7833
000513 丽珠集团 6 7.5
600271 航天信息 6 4.9833
000581 威孚高科 6 5.725
000596 古井贡酒 6 5.4167
300195 长荣股份 6 5.8501
000538 云南白药 6 7.25
300146 汤臣倍健 6 7.8333
600897 厦门空港 6 6.2333
600612 老凤祥 6 8.95
002561 徐家汇 6 3.5333
000159 国际实业 6 0.4
002568 百润股份 6 4.45
002572 索菲亚 6 5.3333
600016 民生银行 6 1.155
600694 大商股份 6 9.2667
002393 力生制药 6 6.5167
600436 片仔癀 6 7.5833
601515 东风股份 6 4.0167
601006 大秦铁路 6 4.15
600809 山西汾酒 6 5.5
002415 海康威视 6 5.3333
002410 广联达 6 4.0001
002612 朗姿股份 6 4.3333
000423 东阿阿胶 6 8.0
600535 天士力 6 5.0333
300124 汇川技术 6 7.3227
002489 浙江永强 6 6.1541
002440 闰土股份 6 4.3333
600741 华域汽车 6 7.0333
600742 一汽富维 6 4.8167
600729 重庆百货 6 5.3147
002206 海利得 6 3.5833
600585 海螺水泥 6 5.8
600104 上汽集团 6 13.2333
002275 桂林三金 6 4.9167
601888 中国国旅 6 5.3833
000989 九芝堂 5 4.4
000987 越秀金控 5 4.8
603328 依顿电子 5 4.64
600060 海信电器 5 3.608
600066 宇通客车 5 9.4
000333 美的集团 5 12.8
002519 银河电子 5 4.4
002508 老板电器 5 5.7
600900 长江电力 5 4.8813
002713 东易日盛 5 6.8
300171 东富龙 5 5.7754
300382 斯莱克 5 8.0
600887 伊利股份 5 6.7
002367 康力电梯 5 3.0
600859 王府井 5 5.86
002546 新联电子 5 3.2
002399 海普瑞 5 8.2
603001 奥康国际 5 5.5
002419 天虹股份 5 4.3454
002661 克明面业 5 5.0
000418 小天鹅A 5 6.2
300046 台基股份 5 4.8
603288 海天味业 5 6.96
300298 三诺生物 5 4.9372
002616 长青集团 5 2.74
002601 龙蟒佰利 5 5.5081
000661 长春高新 5 6.6
000002 万科A 5 6.64
600388 龙净环保 5 4.08
600340 华夏幸福 5 6.1
600315 上海家化 5 6.42
600309 万华化学 5 5.8
002293 罗莱生活 5 8.94
000726 鲁泰A 4 4.7
603368 柳药股份 4 5.675
603788 宁波高发 4 6.875
601369 陕鼓动力 4 3.875
002749 国光股份 4 17.0
603198 迎驾贡酒 4 5.5
002718 友邦吊顶 4 4.675
002701 奥瑞金 4 7.725
002706 良信电器 4 5.125
600664 哈药股份 4 6.45
002595 豪迈科技 4 5.75
601700 风范股份 4 4.0
002317 众生药业 4 3.75
600600 青岛啤酒 4 4.225
601928 凤凰传媒 4 1.05
002581 未名医药 4 4.75
002563 森马服饰 4 10.0
600015 华夏银行 4 4.2575
603989 艾华集团 4 8.25
600000 浦发银行 4 6.205
600486 扬农化工 4 4.45
000848 承德露露 4 4.875
601009 南京银行 4 4.415
601010 文峰股份 4 4.1
600395 盘江股份 4 6.125
600816 安信信托 4 5.375
300086 康芝药业 4 1.875
300099 精准信息 4 4.0
300078 思创医惠 4 7.25
300039 上海凯宝 4 4.0
300295 三六五网 4 8.25
300257 开山股份 4 5.875
603025 大豪科技 4 5.475
601628 中国人寿 4 3.8
603806 福斯特 4 6.875
601633 长城汽车 4 6.1
300134 大富科技 4 6.825
600507 方大特钢 4 8.5
600976 健民集团 4 3.85
000042 中洲控股 4 4.55
600705 中航资本 4 0.85
300547 川环科技 4 7.625
002085 万丰奥威 4 5.0
600376 首开股份 4 2.6
600362 江西铜业 4 4.25
601688 华泰证券 4 4.5
002287 奇正藏药 4 3.6475
600566 济川药业 4 7.075
002051 中工国际 4 3.3753