601318 中国平安 15 65.1 3.7667 0.0579
601877 正泰电器 11 26.83 4.8091 0.1792
600028 中国石化 9 5.84 0.9878 0.1691
000338 潍柴动力 9 9.4 1.4 0.1489
600660 福耀玻璃 9 24.91 5.9667 0.2395
002315 焦点科技 9 12.63 8.0 0.6334
002394 联发股份 9 10.68 2.2778 0.2133
000895 双汇发展 9 25.77 10.8 0.4191
601857 中国石油 9 7.51 1.1621 0.1547
601166 兴业银行 8 16.53 5.375 0.3252
000568 泸州老窖 8 48.86 11.575 0.2369
001872 招商港口 8 15.75 5.2063 0.3306
002304 洋河股份 8 109.34 18.6958 0.171
002001 新和成 8 16.39 4.6875 0.286
600754 锦江股份 8 23.43 4.2625 0.1819
601601 中国太保 8 31.71 5.5625 0.1754
600519 贵州茅台 8 737.16 56.7763 0.077
600563 法拉电子 8 46.62 7.9375 0.1703
002294 信立泰 8 22.22 6.4375 0.2897
600036 招商银行 7 29.86 6.5857 0.2206
000550 江铃汽车 7 16.4 8.2143 0.5009
002352 顺丰控股 7 34.98 3.2143 0.0919
002372 伟星新材 7 16.88 6.8571 0.4062
002557 洽洽食品 7 21.95 6.0 0.2733
600009 上海机场 7 53.19 4.3857 0.0825
601799 星宇股份 7 53.17 7.35 0.1382
601566 九牧王 7 13.21 7.8571 0.5948
000858 五粮液 7 67.96 8.0 0.1177
000869 张裕A 7 28.1 8.5143 0.303
600177 雅戈尔 7 8.06 5.2857 0.6558
601238 广汽集团 7 11.34 0.8143 0.0718
000651 格力电器 7 44.35 14.1429 0.3189
601088 中国神华 7 20.02 8.0429 0.4017
002242 九阳股份 7 16.72 6.0 0.3589
002014 永新股份 7 6.99 3.1429 0.4496
002003 伟星股份 7 7.28 5.8571 0.8045
600377 宁沪高速 7 9.89 3.8 0.3842
002032 苏泊尔 7 56.35 5.2 0.0923
000963 华东医药 6 31.45 8.7833 0.2793
000513 丽珠集团 6 29.77 7.5 0.2519
600271 航天信息 6 26.24 4.9833 0.1899
000581 威孚高科 6 19.65 5.725 0.2913
000596 古井贡酒 6 71.36 5.4167 0.0759
300195 长荣股份 6 8.51 5.8501 0.6874
000538 云南白药 6 84.7 7.25 0.0856
300146 汤臣倍健 6 19.57 7.8333 0.4003
600897 厦门空港 6 22.36 6.2333 0.2788
600612 老凤祥 6 44.29 8.95 0.2021
002561 徐家汇 6 8.36 3.5333 0.4226
000159 国际实业 6 4.34 0.4 0.0922
002568 百润股份 6 11.99 4.45 0.3711
002572 索菲亚 6 17.85 5.3333 0.2988
600016 民生银行 6 6.03 1.155 0.1915
600694 大商股份 6 26.28 9.2667 0.3526
002393 力生制药 6 23.34 6.5167 0.2792
600436 片仔癀 6 100.59 7.5833 0.0754
601515 东风股份 6 7.84 4.0167 0.5123
601006 大秦铁路 6 8.63 4.15 0.4809
600809 山西汾酒 6 44.87 5.5 0.1226
002415 海康威视 6 32.95 5.3333 0.1619
002410 广联达 6 26.38 4.0001 0.1516
002612 朗姿股份 6 9.11 4.3333 0.4757
000423 东阿阿胶 6 44.14 8.0 0.1812
600535 天士力 6 19.79 5.0333 0.2543
300124 汇川技术 6 24.85 7.3227 0.2947
002489 浙江永强 6 2.85 6.1541 2.1593
002440 闰土股份 6 10.23 4.3333 0.4236
600741 华域汽车 6 20.71 7.0333 0.3396
600742 一汽富维 6 11.2 4.8167 0.4301
600729 重庆百货 6 28.94 5.3147 0.1836
002206 海利得 6 4.31 3.5833 0.8314
600585 海螺水泥 6 34.58 5.8 0.1677
600104 上汽集团 6 27.6 13.2333 0.4795
002275 桂林三金 6 13.55 4.9167 0.3629
601888 中国国旅 6 61.83 5.3833 0.0871
000989 九芝堂 5 9.7 4.4 0.4536
000987 越秀金控 5 8.3 4.8 0.5783
603328 依顿电子 5 10.92 4.64 0.4249
600060 海信电器 5 8.93 3.608 0.404
600066 宇通客车 5 12.71 9.4 0.7396
000333 美的集团 5 47.15 12.8 0.2715
002519 银河电子 5 3.5 4.4 1.2571
002508 老板电器 5 25.81 5.7 0.2208
600900 长江电力 5 16.32 4.8813 0.2991
002713 东易日盛 5 16.09 6.8 0.4226
300171 东富龙 5 6.94 5.7754 0.8322
300382 斯莱克 5 5.57 8.0 1.4363
600887 伊利股份 5 25.98 6.7 0.2579
002367 康力电梯 5 7.14 3.0 0.4202
600859 王府井 5 15.7 5.86 0.3732
002546 新联电子 5 4.12 3.2 0.7767
002399 海普瑞 5 21.43 8.2 0.3826
603001 奥康国际 5 10.28 5.5 0.535
002419 天虹股份 5 12.34 4.3454 0.3521
002661 克明面业 5 13.51 5.0 0.3701
000418 小天鹅A 5 54.74 6.2 0.1133
300046 台基股份 5 12.35 4.8 0.3887
603288 海天味业 5 76.8 6.96 0.0906
300298 三诺生物 5 11.32 4.9372 0.4361
002616 长青集团 5 7.24 2.74 0.3785
002601 龙蟒佰利 5 13.86 5.5081 0.3974
000661 长春高新 5 210.14 6.6 0.0314
000002 万科A 5 27.44 6.64 0.242
600388 龙净环保 5 11.37 4.08 0.3588
600340 华夏幸福 5 29.41 6.1 0.2074
600315 上海家化 5 29.84 6.42 0.2151
600309 万华化学 5 37.85 5.8 0.1532
002293 罗莱生活 5 9.6 8.94 0.9313
000726 鲁泰A 4 10.12 4.7 0.4644
603368 柳药股份 4 27.95 5.675 0.203
603788 宁波高发 4 14.84 6.875 0.4633
601369 陕鼓动力 4 6.18 3.875 0.627
002749 国光股份 4 18.97 17.0 0.8962
603198 迎驾贡酒 4 15.56 5.5 0.3535
002718 友邦吊顶 4 27.11 4.675 0.1724
002701 奥瑞金 4 5.03 7.725 1.5358
002706 良信电器 4 5.82 5.125 0.8806
600664 哈药股份 4 3.84 6.45 1.6797
002595 豪迈科技 4 18.0 5.75 0.3194
601700 风范股份 4 5.73 4.0 0.6981
002317 众生药业 4 8.45 3.75 0.4438
600600 青岛啤酒 4 39.46 4.225 0.1071
601928 凤凰传媒 4 8.04 1.05 0.1306
002581 未名医药 4 6.36 4.75 0.7469
002563 森马服饰 4 9.64 10.0 1.0373
600015 华夏银行 4 7.79 4.2575 0.5465
603989 艾华集团 4 19.92 8.25 0.4142
600000 浦发银行 4 10.82 6.205 0.5735
600486 扬农化工 4 43.65 4.45 0.1019
000848 承德露露 4 8.46 4.875 0.5762
601009 南京银行 4 7.14 4.415 0.6183
601010 文峰股份 4 3.01 4.1 1.3621
600395 盘江股份 4 5.07 6.125 1.2081
600816 安信信托 4 4.39 5.375 1.2244
300086 康芝药业 4 5.5 1.875 0.3409
300099 精准信息 4 4.59 4.0 0.8715
300078 思创医惠 4 9.47 7.25 0.7656
300039 上海凯宝 4 4.18 4.0 0.9569
300295 三六五网 4 12.81 8.25 0.644
300257 开山股份 4 11.71 5.875 0.5017
603025 大豪科技 4 10.5 5.475 0.5214
601628 中国人寿 4 23.14 3.8 0.1642
603806 福斯特 4 30.9 6.875 0.2225
601633 长城汽车 4 7.3 6.1 0.8356
300134 大富科技 4 10.85 6.825 0.629
600507 方大特钢 4 12.16 8.5 0.699
600976 健民集团 4 15.34 3.85 0.251
000042 中洲控股 4 11.95 4.55 0.3808
600705 中航资本 4 4.67 0.85 0.182
300547 川环科技 4 23.94 7.625 0.3185
002085 万丰奥威 4 7.6 5.0 0.6579
600376 首开股份 4 7.39 2.6 0.3518
600362 江西铜业 4 13.86 4.25 0.3066
601688 华泰证券 4 19.86 4.5 0.2266
002287 奇正藏药 4 26.04 3.6475 0.1401
600566 济川药业 4 36.08 7.075 0.1961
002051 中工国际 4 11.6 3.3753 0.291